1384
1514
1515
1536
1537
1541
1542
1565
1566
1596
1597
1613
1614
1647
1648
1710
1711
1742
1743
1793
1808
1809
1860
1861
1911
1912
2013
2014
2109
2110
2257
2258
2348
2349
2611
2702
2703
2805
2895
2896
2958
2959
2995
2996
3082
3083
3159
3160
3176
3177
3198
3199
3264
3265
3278
3279
3296
3297
3411
3412
3456
3457
3559
3560
3645
3709
3714
3811
3897
3952
4059
4060
4074
4075
4103
4104
4110
4111
4232
4233
4256
4257
4290
4329
4473
4538
4695
4696
4704
4705
4708
4714
4715
4752
4854
4886
4887
5149
5150
5255
