>q96j92
ATLKRASFAKSVIGTPEFMAP
1.64629706736445 -1.28702591014795 -3.74574953426171 4.97599042021918 7.90355919784803 0.320250263106022 4.97286469542236 -2.62492687362361 2.2008085939257 4.17241551152313 -0.21565373344611 -3.05705366091126 3.21737664242102 -0.258331269095866 2.22266596210388 2.74945112958902 -1.38163515280033 0.161604380106938 -0.718901775705209 1.02768714052371
>p04274
QGTVPSLSLDSQGRNCSTNDS
1.00956172352141 1.43991381119551 -0.201591786833172 -1.38839186149288 2.19887270675169 2.50520246781458 -1.32628170377669 0.416450055964652 -4.72788095845527 1.72523189526517 3.79809355665803 -1.30295854181088 2.90354939394204 -1.61708781735299 -2.40731987284708 2.32706654229514 -1.51960344970357 -1.03162547048955 2.65808320196858 2.48293781429279
>p10636
SSTGSIDMVDSPQLATLADEV
1.75476272762777 3.00860378879748 -0.201591786833172 1.87865385267436 4.60486499239098 -1.28623453303891 0.247853631956292 -2.39694916941068 -3.54066712633064 1.72523189526517 16.4666111612421 -3.52413262913208 -3.7574641978093 0.410787577208929 1.5258397122531 -3.81874486531371 1.02897569109364 0.806672719713404 4.61704359648461 -1.55505731135672
>p02278
QKKDGKKRKRSRKESYSVYVY
1.00956172352141 4.070908406117 4.26140550679388 -1.89764207470278 -0.591644277162267 4.40157782832457 4.3561876554505 28.883275693661 2.54832822775198 0.793919055541688 -2.89619063802505 3.20275857331959 7.32793717632407 5.27831481468669 -0.851871073757569 2.32706654229514 -2.17882261701033 -1.58946757892573 -2.84915031027967 -0.553324951649927
>p08567
IEGGQKFARKSTRRSIRLPET
-0.238323116431634 2.2727917449942 -0.0283104454924198 1.87865385267436 -0.507062376618226 4.40157782832457 -2.18145420188134 -0.803060874569009 14.240156316146 4.17241551152313 -0.975119800695233 3.24343578615025 2.90354939394204 5.27831481468669 -2.47999886598688 1.42778879881395 -1.09005530829548 1.36366517261907 4.61704359648461 0.747627779332159
>p06786
EQINDVKGATSDEEDEESSHE
0.948175847524377 0.840150780752219 -3.69948487658109 0.99044519127531 0.948468036546067 -2.66554986640122 4.3561876554505 -0.827130775912107 2.2008085939257 -1.15284934135631 1.07299968284115 11.4556090462806 7.32793717632407 0.830248285058908 6.49101880629639 2.74945112958902 1.88059131343812 4.10244934041913 -0.729359050356837 3.42952730042581
>q9ubf8
SLSPAPDTGLSPSKRTHQRSK
1.75476272762777 -2.51761338975493 5.0329814734032 0.297474035399678 0.170728442415747 -0.675734866416258 0.247853631956292 -1.255856656585 -1.94118902079262 1.14110285284888 16.4666111612421 3.18100148338945 5.7153452427274 -2.96755050528341 1.5258397122531 0.57480149364076 -1.99563183830502 0.412118329839963 0.830735341732952 1.66844252963522
>p02817
HPGHPGYINFSYEVLTPLKWY
-1.60476532987121 1.11075724622978 -0.0283104454924198 -0.878281773177742 2.19887270675169 -0.0661213081839453 -1.47196430214847 -3.88262604519113 -3.56704655833381 -2.40867892586312 0.249347117387886 11.4556090462806 -2.25690024050821 -2.59942904231415 1.5258397122531 0.177970924530706 -1.09005530829548 2.49218929485424 -1.19610877808595 -0.553324951649927
>o35613
GQNTSVQPMPSPPLASVASVA
-0.278579672568029 0.840150780752219 -0.226190252613277 0.122091756907601 4.60486499239098 -2.66554986640122 0.907111288758204 -0.842969797179595 -1.64578725735817 -0.794998669569257 16.4666111612421 -0.166460096037236 -3.7574641978093 0.410787577208929 5.65931963200341 -1.48443455360162 1.02897569109364 4.10244934041913 -2.84915031027967 -0.846026137813562
>p12839
PEKAKSPVPKSPVEEVKPKPE
-0.317027221184803 2.2727917449942 4.26140550679388 2.14485736295289 5.46704509919881 2.50520246781458 0.320075654907854 -2.50755660697907 0.0973141911254052 4.17241551152313 16.4666111612421 -0.556229218235055 7.32793717632407 3.61155496861004 -2.64534580423451 2.46977789135172 1.73104115137908 2.49218929485424 2.78227427202381 3.42952730042581
>p31096
LEDKLDLDHKSEEDKHLKIRI
-0.875579916029175 2.2727917449942 2.1011144317196 4.97599042021918 -3.95747645162588 0.324305331923742 -1.32628170377669 -3.26135636689104 -0.934726578481998 4.17241551152313 1.93641644484309 11.4556090462806 3.09569852132891 0.944302648684785 -0.542020267122619 -3.81874486531371 2.45934357434874 -2.11987621188775 4.94451283308406 -2.5559823605143
>p11716
RTEKKKTRKISQTAQTYDPRE
0.696123149272486 -1.28702591014795 -0.108456637481039 4.97599042021918 5.46704509919881 4.40157782832457 -0.132528810694704 28.883275693661 2.54832822775198 -2.14060210887316 3.79809355665803 -1.7740391334865 2.14428697018406 1.18700423274426 1.5258397122531 -1.82631838641636 1.26455323680012 1.36366517261907 4.94451283308406 3.42952730042581
>o77788
SPTAKSPTAKSPVAKSPTAKS
1.75476272762777 1.11075724622978 -0.201591786833172 2.14485736295289 5.46704509919881 2.50520246781458 0.320075654907854 -1.255856656585 2.2008085939257 4.17241551152313 16.4666111612421 -0.556229218235055 2.14428697018406 0.944302648684785 5.65931963200341 0.177970924530706 -1.51960344970357 0.718962659008064 5.07646946899014 2.48293781429279
>p07363
QLNAIFRAAHSIKGGAGTFGF
1.00956172352141 -2.51761338975493 -0.226190252613277 2.14485736295289 -1.54707248848074 -0.75272973546969 4.45941426589147 -0.803060874569009 2.2008085939257 -1.46728192900272 -0.983330021680435 3.20275857331959 3.21737664242102 0.0691737906455927 0.188640684720906 0.20997268691793 -1.51960344970357 -2.04661678458806 1.46314969076358 -2.40442870573907
>p15823
SLERSQSRKDSLDDSGSCMSG
1.75476272762777 -2.51761338975493 -0.108456637481039 2.03897154523588 4.60486499239098 -1.35313780158421 4.97286469542236 28.883275693661 2.54832822775198 1.72523189526517 -3.26491170400166 2.79780964747983 3.09569852132891 5.27831481468669 -0.405109418538686 2.32706654229514 -1.89962310985361 0.161604380106938 0.830735341732952 2.32382292135247
